
WAMITLOG.TXT file from WAMIT run:  16-Feb-2015 12:37:09

 Input file config.wam          
! generic configuration file:  config.wam
RAMGBMAX= 2.0
NCPU=1
USERID_PATH = N:\wamitv7
LICENSE_PATH=\wamitv7\license

 Input file wam_array_1.cfg     
IALTPOT = 2
IRR = 0
ILOG = 1
IALTFRC = 2
IFIELD_ARRAYS = 1
IFORCE = 1
ILOWHI = 0
INUMOPT6 = 1
NEWMDS(1) = 0
IGENMDS(1) = 0
NEWMDS(2) = 0
IGENMDS(2) = 0
NEWMDS(3) = 0
IGENMDS(3) = 0
IPOTEN = 1
ISCATT = 0
ISOLVE = 0
ISOR = 0
MAXITT = 100
MAXMIT = 8
MONITR = 0
NOOUT = 0  0  0  0  0  0  0  0  0
NUMHDR = 1
NUMNAM = 0
SCRATCH_PATH = N:\wamitv7\scratch

POTEN run started:  16-Feb-2015 12:37:09

 Input file wam_array_1.pot     
.pot file   Series:     Run: wam_array_1
 50.0000
0           1
5		Number of periods to be analyzed
 12.0000
 10.6667
  9.6000
  8.7273
  8.0000
1		Number of direction headdings to be analyzed
  0.0000
3
wam_array_11.gdf
-30.0000	 40.0000	 -2.5000	  0.0000
1 1 1 1 1 1
wam_array_12.gdf
-30.0000	-40.0000	 -2.5000	  0.0000
1 1 1 1 1 1
wam_array_13.gdf
 30.0000	  0.0000	-20.0000	  0.0000
0 0 0 0 1 0

 First    10 lines of input file wam_array_11.gdf    
Model wam_array_11, created: 16-Feb-2015
  1.0000   9.8066
0 0
1536
	 10.0000	  0.0000	  2.5000
	 10.0000	  0.0000	  2.0833
	  9.9144	  1.3053	  2.0833
	  9.9144	  1.3053	  2.5000
	 10.0000	  0.0000	  2.0833
	 10.0000	  0.0000	  1.6667

 First    10 lines of input file wam_array_12.gdf    
Model wam_array_12, created: 16-Feb-2015
  1.0000   9.8066
0 0
1536
	 10.0000	  0.0000	  2.5000
	 10.0000	  0.0000	  2.0833
	  9.9144	  1.3053	  2.0833
	  9.9144	  1.3053	  2.5000
	 10.0000	  0.0000	  2.0833
	 10.0000	  0.0000	  1.6667

 First    10 lines of input file wam_array_13.gdf    
Model wam_array_13, created: 16-Feb-2015
  1.0000   9.8066
0 0
1550
	  2.5000	-14.0000	 20.0000
	  2.5000	-15.0000	 20.0000
	  2.5000	-15.0000	 19.0000
	  2.5000	-14.0000	 19.0000
	  2.5000	-13.0000	 20.0000
	  2.5000	-14.0000	 20.0000


 Number of processors used :   1

 Estimated RAM used :  0.2     Gigabytes

  POTEN module run completed

POTEN run completed:  16-Feb-2015 12:38:00

FORCE run started:  16-Feb-2015 12:38:00

 Input file wam_array_1.frc     
.frc file   Series:     Run: wam_array_1
1  1  0  0  0  1  0 0  0
1000.0000
  0.0000	  0.0000	  0.0000	  0.0000	  0.0000	  0.0000	  0.0000	  0.0000	 10.0000
1
3141592.6536	  0.0000	  0.0000	  0.0000	  0.0000	  0.0000	  0.0000	  0.0000	  0.
  0.0000	3141592.6536	  0.0000	  0.0000	  0.0000	  0.0000	  0.0000	  0.0000	  0.
  0.0000	  0.0000	3141592.6536	  0.0000	  0.0000	  0.0000	  0.0000	  0.0000	  0.
  0.0000	  0.0000	  0.0000	137444678.5946	  0.0000	  0.0000	  0.0000	  0.0000	
  0.0000	  0.0000	  0.0000	  0.0000	137444678.5946	  0.0000	  0.0000	  0.0000	
  0.0000	  0.0000	  0.0000	  0.0000	  0.0000	157079632.6795	  0.0000	  0.0000	
  0.0000	  0.0000	  0.0000	  0.0000	  0.0000	  0.0000	3141592.6536	  0.0000	  0.
  0.0000	  0.0000	  0.0000	  0.0000	  0.0000	  0.0000	  0.0000	3141592.6536	  0.
  0.0000	  0.0000	  0.0000	  0.0000	  0.0000	  0.0000	  0.0000	  0.0000	3141592.
  0.0000	  0.0000	  0.0000	  0.0000	  0.0000	  0.0000	  0.0000	  0.0000	  0.0000
  0.0000	  0.0000	  0.0000	  0.0000	  0.0000	  0.0000	  0.0000	  0.0000	  0.0000
  0.0000	  0.0000	  0.0000	  0.0000	  0.0000	  0.0000	  0.0000	  0.0000	  0.0000
  0.0000	  0.0000	  0.0000	  0.0000	  0.0000	  0.0000	  0.0000	  0.0000	  0.0000
  0.0000	  0.0000	  0.0000	  0.0000	  0.0000	  0.0000	  0.0000	  0.0000	  0.0000
  0.0000	  0.0000	  0.0000	  0.0000	  0.0000	  0.0000	  0.0000	  0.0000	  0.0000
  0.0000	  0.0000	  0.0000	  0.0000	  0.0000	  0.0000	  0.0000	  0.0000	  0.0000
  0.0000	  0.0000	  0.0000	  0.0000	  0.0000	  0.0000	  0.0000	  0.0000	  0.0000
  0.0000	  0.0000	  0.0000	  0.0000	  0.0000	  0.0000	  0.0000	  0.0000	  0.0000
1
  0.0000	  0.0000	  0.0000	  0.0000	  0.0000	  0.0000	  0.0000	  0.0000	  0.0000
  0.0000	  0.0000	  0.0000	  0.0000	  0.0000	  0.0000	  0.0000	  0.0000	  0.0000
  0.0000	  0.0000	  0.0000	  0.0000	  0.0000	  0.0000	  0.0000	  0.0000	  0.0000
  0.0000	  0.0000	  0.0000	  0.0000	  0.0000	  0.0000	  0.0000	  0.0000	  0.0000
  0.0000	  0.0000	  0.0000	  0.0000	  0.0000	  0.0000	  0.0000	  0.0000	  0.0000
  0.0000	  0.0000	  0.0000	  0.0000	  0.0000	  0.0000	  0.0000	  0.0000	  0.0000
  0.0000	  0.0000	  0.0000	  0.0000	  0.0000	  0.0000	  0.0000	  0.0000	  0.0000
  0.0000	  0.0000	  0.0000	  0.0000	  0.0000	  0.0000	  0.0000	  0.0000	  0.0000
  0.0000	  0.0000	  0.0000	  0.0000	  0.0000	  0.0000	  0.0000	  0.0000	  0.0000
  0.0000	  0.0000	  0.0000	  0.0000	  0.0000	  0.0000	  0.0000	  0.0000	  0.0000
  0.0000	  0.0000	  0.0000	  0.0000	  0.0000	  0.0000	  0.0000	  0.0000	  0.0000
  0.0000	  0.0000	  0.0000	  0.0000	  0.0000	  0.0000	  0.0000	  0.0000	  0.0000
  0.0000	  0.0000	  0.0000	  0.0000	  0.0000	  0.0000	  0.0000	  0.0000	  0.0000
  0.0000	  0.0000	  0.0000	  0.0000	  0.0000	  0.0000	  0.0000	  0.0000	  0.0000
  0.0000	  0.0000	  0.0000	  0.0000	  0.0000	  0.0000	  0.0000	  0.0000	  0.0000
  0.0000	  0.0000	  0.0000	  0.0000	  0.0000	  0.0000	  0.0000	  0.0000	  0.0000
  0.0000	  0.0000	  0.0000	  0.0000	  0.0000	  0.0000	  0.0000	  0.0000	  0.0000
  0.0000	  0.0000	  0.0000	  0.0000	  0.0000	  0.0000	  0.0000	  0.0000	  0.0000
1
  0.0000	  0.0000	  0.0000	  0.0000	  0.0000	  0.0000	  0.0000	  0.0000	  0.0000
  0.0000	  0.0000	  0.0000	  0.0000	  0.0000	  0.0000	  0.0000	  0.0000	  0.0000
  0.0000	  0.0000	  0.0000	  0.0000	  0.0000	  0.0000	  0.0000	  0.0000	  0.0000
  0.0000	  0.0000	  0.0000	  0.0000	  0.0000	  0.0000	  0.0000	  0.0000	  0.0000
  0.0000	  0.0000	  0.0000	  0.0000	  0.0000	  0.0000	  0.0000	  0.0000	  0.0000
  0.0000	  0.0000	  0.0000	  0.0000	  0.0000	  0.0000	  0.0000	  0.0000	  0.0000
  0.0000	  0.0000	  0.0000	  0.0000	  0.0000	  0.0000	  0.0000	  0.0000	  0.0000
  0.0000	  0.0000	  0.0000	  0.0000	  0.0000	  0.0000	  0.0000	  0.0000	  0.0000
  0.0000	  0.0000	  0.0000	  0.0000	  0.0000	  0.0000	  0.0000	  0.0000	  0.0000
  0.0000	  0.0000	  0.0000	  0.0000	  0.0000	  0.0000	  0.0000	  0.0000	  0.0000
  0.0000	  0.0000	  0.0000	  0.0000	  0.0000	  0.0000	  0.0000	  0.0000	  0.0000
  0.0000	  0.0000	  0.0000	  0.0000	  0.0000	  0.0000	  0.0000	  0.0000	  0.0000
  0.0000	  0.0000	  0.0000	  0.0000	  0.0000	  0.0000	  0.0000	  0.0000	  0.0000
  0.0000	  0.0000	  0.0000	  0.0000	  0.0000	  0.0000	  0.0000	  0.0000	  0.0000
  0.0000	  0.0000	  0.0000	  0.0000	  0.0000	  0.0000	  0.0000	  0.0000	  0.0000
  0.0000	  0.0000	  0.0000	  0.0000	  0.0000	  0.0000	  0.0000	  0.0000	  0.0000
  0.0000	  0.0000	  0.0000	  0.0000	  0.0000	  0.0000	  0.0000	  0.0000	  0.0000
  0.0000	  0.0000	  0.0000	  0.0000	  0.0000	  0.0000	  0.0000	  0.0000	  0.0000
0
0
1
0
201	-200.0000	  2.0000
201	-200.0000	  2.0000
1	  0.0000	  1.0000
