Nb de periode :    24
 0.5000
  0.393708E+04 -0.658274E-03 -0.850490E-01 -0.200203E-02 -0.694311E+04 -0.187661E-06
  0.220412E-02  0.393708E+04 -0.951883E-02  0.694313E+04 -0.106988E-01 -0.322219E-05
  0.208282E-02 -0.158072E-02  0.182618E+05  0.413550E-02  0.282311E-02 -0.174268E-02
 -0.114310E-02  0.707399E+04 -0.584766E+00  0.124689E+05  0.785705E-02 -0.428602E-05
 -0.707398E+04 -0.367582E-02 -0.339535E-01 -0.585244E-02  0.124688E+05  0.114297E-05
 -0.377531E-08  0.524506E-08 -0.182924E-02  0.207830E-06  0.150951E-06  0.148887E-08
 0.5435
  0.626623E+04  0.127614E-02 -0.913553E-01  0.621536E-02 -0.108913E+05  0.133878E-07
 -0.169837E-02  0.626623E+04 -0.285651E-01  0.108912E+05  0.167362E-02  0.127948E-06
 -0.404358E-02 -0.864458E-02  0.204540E+05 -0.148925E-01 -0.866103E-02 -0.200600E-02
 -0.128409E-01  0.111066E+05 -0.685095E+00  0.193209E+05  0.135827E-01  0.549841E-05
 -0.111066E+05 -0.312752E-02 -0.807449E-01 -0.622190E-02  0.193209E+05  0.171363E-06
  0.157097E-07  0.179580E-08 -0.210420E-02  0.326446E-07 -0.256277E-06  0.246547E-08
 0.5870
  0.980096E+04 -0.271589E-02 -0.105541E+00 -0.341047E-02 -0.167526E+05 -0.267057E-05
  0.187933E-02  0.980096E+04 -0.554441E-01  0.167526E+05  0.477092E-02  0.108121E-06
 -0.647736E-02  0.634432E-02  0.220712E+05  0.345893E-01  0.644016E-02 -0.227087E-02
 -0.163512E-01  0.170743E+05 -0.784822E+00  0.291710E+05  0.152495E-01 -0.257138E-05
 -0.170743E+05  0.377059E-03 -0.186448E+00  0.167486E-01  0.291709E+05 -0.994653E-06
  0.167984E-06 -0.428818E-07 -0.237862E-02 -0.203113E-06 -0.526974E-07  0.270876E-09
 0.6304
  0.152190E+05 -0.236857E-02 -0.104481E+00 -0.753462E-02 -0.255948E+05  0.113528E-05
  0.523591E-02  0.152190E+05 -0.703972E-01  0.255948E+05 -0.152046E-01 -0.149303E-05
 -0.624847E-02 -0.425339E-02  0.239789E+05  0.206113E-02  0.438213E-03 -0.254610E-02
 -0.286266E-01  0.260684E+05 -0.820710E+00  0.438934E+05  0.314771E-01 -0.248809E-05
 -0.260684E+05  0.279689E-02 -0.294313E+00  0.291290E-01  0.438934E+05 -0.117952E-05
  0.472806E-06 -0.869311E-07 -0.266637E-02 -0.214388E-07 -0.680142E-06 -0.266695E-08
 0.6739
  0.230560E+05 -0.406444E-02 -0.944374E-01  0.115762E-01 -0.379734E+05  0.680331E-06
 -0.226009E-02  0.230560E+05 -0.672700E-01  0.379733E+05 -0.104881E-01  0.755515E-05
 -0.108719E-01  0.259876E-03  0.248470E+05  0.245472E-01  0.192904E-02 -0.279246E-02
 -0.399966E-01  0.386834E+05 -0.675186E+00  0.636873E+05  0.774098E-01  0.142785E-04
 -0.386834E+05 -0.378346E-02 -0.316932E+00  0.374808E-01  0.636873E+05 -0.273436E-05
 -0.309792E-07 -0.120887E-06 -0.292482E-02 -0.225801E-06 -0.835908E-06  0.141896E-07
 0.7174
  0.342452E+05 -0.266910E-02 -0.450132E-01  0.988275E-03 -0.551557E+05 -0.148732E-05
 -0.226021E-03  0.342452E+05 -0.103758E-01  0.551557E+05 -0.142438E-01 -0.235101E-06
 -0.600433E-02 -0.217819E-02  0.254151E+05 -0.327322E-02  0.184944E-01 -0.300633E-02
 -0.431004E-01  0.562217E+05 -0.571665E+00  0.904676E+05  0.799193E-01  0.742078E-05
 -0.562217E+05 -0.155988E-01 -0.271638E+00 -0.213984E-01  0.904677E+05  0.122096E-05
  0.359865E-06 -0.624181E-07 -0.315099E-02 -0.657287E-06 -0.527839E-06  0.561514E-07
 0.7609
  0.496876E+05 -0.141141E-01 -0.136620E-01 -0.198249E-02 -0.782245E+05  0.121072E-06
 -0.323868E-02  0.496876E+05  0.726740E-01  0.782245E+05  0.641002E-02  0.370148E-05
 -0.788116E-02 -0.170531E-01  0.256393E+05  0.133777E-01 -0.286174E-02 -0.317323E-02
 -0.223231E-01  0.797251E+05 -0.348244E+00  0.125524E+06 -0.380737E-01 -0.501669E-05
 -0.797251E+05 -0.144191E-01 -0.270295E+00  0.107216E-01  0.125524E+06 -0.849366E-06
  0.144028E-07  0.205802E-06 -0.332686E-02  0.328914E-06  0.399144E-06  0.174185E-07
 0.8043
  0.699134E+05 -0.118608E-01  0.533801E-02 -0.292464E-01 -0.107371E+06 -0.364985E-05
  0.511837E-02  0.699134E+05  0.108750E+00  0.107371E+06 -0.178217E-02  0.380422E-05
 -0.143890E-01 -0.145893E-01  0.249821E+05 -0.187569E-01  0.225565E-01 -0.327220E-02
  0.270944E-01  0.109266E+06 -0.260910E+00  0.167720E+06 -0.315471E-01 -0.680401E-05
 -0.109266E+06 -0.840569E-01 -0.332006E+00 -0.742321E-01  0.167720E+06  0.601634E-06
  0.328245E-06 -0.785273E-06 -0.342389E-02 -0.783354E-06  0.573190E-06 -0.631210E-07
 0.8478
  0.960961E+05 -0.113792E-01  0.820244E-01 -0.227859E-01 -0.143419E+06  0.444241E-05
  0.551319E-02  0.960960E+05  0.167363E+00  0.143419E+06 -0.316526E-01  0.492483E-05
 -0.229797E-01  0.264215E-02  0.240071E+05  0.393022E-01  0.362899E-01 -0.332626E-02
 -0.230322E-01  0.146055E+06 -0.271142E+00  0.217980E+06  0.256690E-01  0.142257E-04
 -0.146056E+06 -0.669374E-01 -0.365268E+00 -0.602443E-01  0.217980E+06 -0.326522E-05
 -0.333592E-06  0.284286E-06 -0.349332E-02 -0.229214E-07  0.125234E-05  0.503373E-07
 0.8913
  0.128586E+06 -0.167751E-01  0.928959E-01  0.597270E-03 -0.185982E+06 -0.452250E-05
 -0.179243E-02  0.128586E+06  0.177848E+00  0.185982E+06  0.449173E-01 -0.133796E-05
 -0.162735E-01 -0.195565E-01  0.225229E+05 -0.127078E-01 -0.265265E-02 -0.332484E-02
 -0.906534E-01  0.189543E+06 -0.235893E+00  0.274051E+06  0.107806E+00  0.122127E-04
 -0.189543E+06 -0.818253E-02 -0.163022E+00  0.142384E-01  0.274051E+06 -0.502914E-06
 -0.726031E-06 -0.352724E-06 -0.348661E-02 -0.140026E-05  0.177189E-05 -0.959821E-07
 0.9348
  0.167545E+06 -0.305843E-01  0.106886E+00 -0.401054E-01 -0.234352E+06  0.689179E-06
 -0.307178E-02  0.167545E+06  0.800803E-01  0.234352E+06  0.421144E-01  0.202791E-04
 -0.122299E-01 -0.106916E-01  0.210184E+05  0.374988E-03  0.170565E-02 -0.325787E-02
 -0.155794E+00  0.238828E+06 -0.453094E+00  0.333888E+06  0.180992E+00 -0.204192E-05
 -0.238828E+06  0.179682E-01 -0.784553E-01  0.133754E-01  0.333887E+06  0.443310E-05
  0.683751E-06  0.194608E-05 -0.341694E-02  0.348564E-05 -0.108819E-05 -0.913302E-06
 0.9783
  0.213054E+06  0.419273E-01  0.102785E+00  0.832598E-02 -0.287751E+06 -0.175461E-05
  0.129700E-02  0.213054E+06 -0.112913E+00  0.287751E+06  0.120010E-01 -0.420096E-05
 -0.215302E-01 -0.573120E-01  0.187392E+05 -0.415681E-01  0.256026E-01 -0.316337E-02
 -0.130484E+00  0.293075E+06 -0.443702E+00  0.395590E+06  0.160705E+00  0.104450E-04
 -0.293075E+06 -0.724316E-01  0.141386E+00 -0.600048E-01  0.395591E+06 -0.908971E-06
 -0.201515E-06  0.148691E-05 -0.331749E-02  0.285933E-05  0.388147E-06  0.535512E-06
 1.0217
  0.263888E+06  0.733671E-01 -0.471152E-01  0.633600E-01 -0.343098E+06 -0.251830E-05
 -0.946808E-02  0.263888E+06 -0.144657E+00  0.343098E+06  0.580470E-02 -0.354159E-05
 -0.247955E-01 -0.393066E-01  0.166323E+05 -0.418539E-01  0.137420E-01 -0.302489E-02
 -0.140917E+00  0.349125E+06 -0.114681E+00  0.453688E+06  0.116782E+00 -0.354787E-05
 -0.349125E+06 -0.464859E-01  0.661576E-02  0.688213E-01  0.453688E+06  0.306591E-05
  0.106890E-05  0.168353E-05 -0.317326E-02  0.211156E-05 -0.204413E-05 -0.244764E-06
 1.0652
  0.318140E+06 -0.542994E-01 -0.505285E-01 -0.774035E-01 -0.396095E+06  0.838190E-06
 -0.165081E-02  0.318140E+06  0.178889E-01  0.396095E+06 -0.142549E-02 -0.108732E-06
 -0.432587E-02 -0.146141E-01  0.150119E+05 -0.199075E-01 -0.701582E-02 -0.284817E-02
  0.330086E-01  0.403029E+06  0.310279E+00  0.501453E+06 -0.771524E-01  0.876095E-05
 -0.403029E+06  0.423412E-01  0.152341E+00  0.704524E-02  0.501453E+06  0.184774E-05
  0.288726E-05  0.197853E-05 -0.300141E-02  0.233808E-05 -0.418462E-05  0.318154E-06
 1.1087
  0.373890E+06 -0.178656E+00  0.581011E-01 -0.128476E+00 -0.443912E+06  0.418723E-05
 -0.111641E+00  0.373890E+06  0.317488E-01  0.443912E+06  0.655906E-01  0.403309E-05
 -0.131035E-01 -0.398853E-01  0.127214E+05 -0.467997E-01  0.163913E-01 -0.266127E-02
 -0.748138E-01  0.451781E+06  0.489256E+00  0.535133E+06  0.854026E-01 -0.117123E-04
 -0.451781E+06  0.182602E+00 -0.271148E+00  0.230315E+00  0.535133E+06  0.321120E-05
  0.117183E-06 -0.977226E-06 -0.280123E-02 -0.981240E-06 -0.139226E-05 -0.134129E-05
 1.1522
  0.428485E+06 -0.130541E+00 -0.491962E-01 -0.164946E+00 -0.483772E+06  0.108406E-05
 -0.433426E-01  0.428485E+06 -0.902022E-01  0.483771E+06  0.507954E-01  0.944408E-05
 -0.299454E-02 -0.501280E-01  0.104450E+05 -0.542102E-01  0.128624E-01 -0.245650E-02
 -0.840130E-01  0.492161E+06  0.270675E+00  0.554414E+06  0.800204E-01 -0.412576E-06
 -0.492161E+06  0.178572E+00 -0.222595E+00  0.252216E+00  0.554414E+06  0.104308E-05
  0.479471E-05 -0.536806E-05 -0.259675E-02 -0.694312E-05 -0.390756E-05  0.108073E-05
 1.1957
  0.478718E+06 -0.104363E+00 -0.680311E-01 -0.109111E+00 -0.511004E+06  0.116229E-05
 -0.380573E-01  0.478718E+06 -0.108699E+00  0.511004E+06  0.109384E+00 -0.172667E-05
  0.841141E-02 -0.199103E-01  0.881741E+04 -0.270845E-01 -0.174440E-01 -0.224042E-02
 -0.148361E+00  0.519872E+06  0.287800E+00  0.553725E+06  0.211855E+00  0.623288E-05
 -0.519872E+06  0.231222E+00 -0.207686E+00  0.327757E+00  0.553725E+06 -0.115857E-04
  0.164081E-04  0.455544E-05 -0.237156E-02  0.558369E-05 -0.143765E-04 -0.135946E-05
 1.2391
  0.522250E+06 -0.741367E-01 -0.687696E-01 -0.611321E-01 -0.523915E+06 -0.105053E-05
 -0.271835E-01  0.522250E+06 -0.982331E-01  0.523915E+06  0.308248E-01  0.985106E-05
  0.123482E-01 -0.475421E-01  0.815289E+04 -0.466410E-01 -0.275153E-02 -0.201750E-02
 -0.172098E+00  0.533023E+06  0.215976E+00  0.532969E+06  0.212544E+00 -0.847364E-05
 -0.533023E+06  0.411911E+00 -0.158098E+00  0.433924E+00  0.532968E+06 -0.878423E-05
  0.183468E-05  0.560794E-06 -0.213672E-02  0.116675E-05  0.351989E-05  0.268827E-05
 1.2826
  0.557533E+06 -0.413818E-01 -0.486070E-01 -0.921044E-01 -0.522250E+06  0.145510E-04
 -0.505104E-01  0.557533E+06 -0.657458E-01  0.522250E+06  0.628413E-01  0.211596E-05
  0.226974E-01 -0.433993E-01  0.610544E+04 -0.622965E-01 -0.264475E-01 -0.181270E-02
 -0.204880E+00  0.531516E+06  0.220510E+00  0.493309E+06  0.181291E+00  0.432273E-05
 -0.531516E+06  0.377930E+00 -0.109562E+00  0.339938E+00  0.493308E+06  0.303239E-05
  0.630486E-05 -0.340118E-05 -0.192606E-02 -0.327528E-05 -0.495119E-05 -0.387658E-05
 1.3261
  0.583228E+06 -0.509186E-01 -0.306089E-01 -0.607299E-01 -0.506737E+06  0.364333E-05
 -0.503387E-01  0.583228E+06 -0.535415E-01  0.506737E+06  0.499615E-01  0.471994E-05
  0.150223E-01 -0.446408E-01  0.443612E+04 -0.376309E-01 -0.639808E-02 -0.160760E-02
 -0.594406E-01  0.516066E+06  0.157928E+00  0.442615E+06  0.732250E-01 -0.843359E-05
 -0.516066E+06  0.289938E+00 -0.136280E+00  0.271558E+00  0.442615E+06 -0.556186E-05
  0.162947E-04 -0.885350E-06 -0.171411E-02 -0.720534E-06 -0.156222E-04  0.850312E-05
 1.3696
  0.599649E+06 -0.425434E-01 -0.754285E-02 -0.152941E-01 -0.479162E+06  0.119135E-04
 -0.550346E-01  0.599649E+06 -0.290449E-01  0.479161E+06 -0.397193E-02  0.912696E-06
  0.188198E-01 -0.496213E-01  0.347635E+04 -0.387745E-01 -0.161413E-01 -0.140840E-02
 -0.741386E-01  0.488328E+06  0.164331E+00  0.384610E+06  0.382576E-01  0.162516E-06
 -0.488328E+06  0.369709E+00 -0.124986E+00  0.183558E+00  0.384610E+06 -0.278652E-05
  0.109365E-04  0.831828E-05 -0.150539E-02  0.617029E-05 -0.103692E-04 -0.695694E-05
 1.4130
  0.606940E+06  0.917625E-02 -0.924826E-03  0.164553E-01 -0.441655E+06  0.356883E-05
 -0.378036E-01  0.606939E+06 -0.175128E-01  0.441655E+06 -0.906780E-02 -0.619004E-05
  0.176477E-01 -0.437112E-01  0.324879E+04 -0.358897E-01 -0.127749E-01 -0.122279E-02
 -0.672731E-01  0.450229E+06  0.149272E+00  0.321335E+06  0.400885E-01 -0.299583E-05
 -0.450228E+06  0.412397E+00 -0.852041E-01  0.342970E+00  0.321335E+06 -0.372902E-05
 -0.519754E-05  0.494463E-05 -0.131468E-02  0.351978E-05  0.526152E-06  0.716055E-05
 1.4565
  0.606104E+06  0.710077E-01  0.390720E-02  0.492665E-01 -0.396042E+06 -0.497699E-05
 -0.320435E-03  0.606104E+06  0.379749E-02  0.396042E+06 -0.413876E-03 -0.976771E-05
  0.119600E-01 -0.487887E-01  0.276643E+04 -0.362120E-01 -0.360116E-02 -0.106194E-02
 -0.106310E+00  0.404064E+06  0.126421E+00  0.252536E+06  0.743718E-01  0.558188E-05
 -0.404064E+06  0.408536E+00 -0.609143E-01  0.226607E+00  0.252536E+06  0.368804E-06
 -0.127905E-04 -0.594108E-05 -0.114828E-02 -0.374028E-05  0.735457E-05 -0.107952E-05
 1.5000
  0.598707E+06  0.133709E+00  0.271205E-01  0.421443E-01 -0.346338E+06  0.774488E-05
 -0.312777E-01  0.598706E+06  0.615062E-02  0.346338E+06  0.288953E-01  0.636722E-05
 -0.173950E-02 -0.373130E-01  0.169977E+04 -0.181026E-01  0.746816E-03 -0.914647E-03
 -0.234274E+00  0.354019E+06  0.809943E-01  0.188658E+06  0.132968E+00 -0.287755E-05
 -0.354018E+06  0.658159E+00 -0.433038E-01  0.340610E+00  0.188658E+06 -0.210665E-05
 -0.201754E-04 -0.626415E-05 -0.994342E-03 -0.280020E-05  0.100890E-04 -0.686332E-05
