
WAMITLOG.TXT file from WAMIT run:  02-Sep-2014 05:10:51

 Input file config.wam          
! generic configuration file:  config.wam
RAMGBMAX= 2.0
NCPU=1
USERID_PATH = N:\wamitv7
LICENSE_PATH=\wamitv7\license

 Input file wam_mb_1.cfg        
IALTPOT = 2
IRR = 0
ILOG = 1
IALTFRC = 2
IFIELD_ARRAYS = 1
IFORCE = 1
ILOWHI = 0
INUMOPT6 = 1
NEWMDS(1) = 2
IGENMDS(1) = 28
NEWMDS(2) = 2
IGENMDS(2) = 28
NEWMDS(3) = 0
IGENMDS(3) = 0
IPOTEN = 1
ISCATT = 0
ISOLVE = 0
ISOR = 0
MAXITT = 100
MAXMIT = 8
MONITR = 0
NOOUT = 0  0  0  0  0  0  0  0  0
NUMHDR = 1
NUMNAM = 0
SCRATCH_PATH = N:\wamitv7\scratch

POTEN run started:  02-Sep-2014 05:10:59

 Input file wam_mb_1.pot        
.pot file   Series:     Run: wam_mb_1
100.0000
0           1
1		Number of periods to be analyzed
  7.0000
1		Number of direction headdings to be analyzed
  0.0000
3
wam_mb_11.gdf
-40.0000	 40.0000	  0.0000	315.0000
1 1 1 1 1 1
wam_mb_12.gdf
  0.0000	-40.0000	  0.0000	  0.0000
1 1 1 1 1 1
wam_mb_13.gdf
 10.0000	  0.0000	 -2.5000	  0.0000
1 1 1 1 1 1

 First    10 lines of input file wam_mb_11.gdf       
Model wam_mb_11, created: 02-Sep-2014
  1.0000   9.8066
0 0
1920
	-30.0000	 -0.0000	 -0.0000
	-30.0000	 -0.0000	 -0.0000
	-29.9751	 -0.4578	 -0.0603
	-29.9751	 -0.4618	 -0.0000
	-30.0000	 -0.0000	 -0.0000
	-30.0000	 -0.0000	 -0.0000

 First    10 lines of input file wam_mb_12.gdf       
Model wam_mb_12, created: 02-Sep-2014
  1.0000   9.8066
0 0
1920
	-30.0000	 -0.0000	 -0.0000
	-30.0000	 -0.0000	 -0.0000
	-29.9751	 -0.4578	 -0.0603
	-29.9751	 -0.4618	 -0.0000
	-30.0000	 -0.0000	 -0.0000
	-30.0000	 -0.0000	 -0.0000

 First    10 lines of input file wam_mb_13.gdf       
Model wam_mb_13, created: 02-Sep-2014
  1.0000   9.8066
0 0
1536
	  5.0000	  0.0000	  2.5000
	  5.0000	  0.0000	  2.0833
	  4.9572	  0.6526	  2.0833
	  4.9572	  0.6526	  2.5000
	  5.0000	  0.0000	  2.0833
	  5.0000	  0.0000	  1.6667


 Number of processors used :   1

 Estimated RAM used :  0.2     Gigabytes

  POTEN module run completed

POTEN run completed:  02-Sep-2014 05:12:20

FORCE run started:  02-Sep-2014 05:12:20

 Input file wam_mb_1.frc        
.frc file   Series:     Run: wam_mb_1
1  1  0  0  0  1  0 0  0
1000.0000
  0.0000	  0.0000	  0.0000	  0.0000	  0.0000	  0.0000	  0.0000	  0.0000	  0.0000
1
3760512.6831	  0.0000	  0.0000	  0.0000	-154913.8503	314059.2167	2951951.7469	-2
  0.0000	3760512.6831	  0.0000	-154913.8503	  0.0000	  0.0000	  0.0000	  0.0000	
  0.0000	  0.0000	3760512.6831	-314059.2167	  0.0000	  0.0000	56208088.8794	5557
  0.0000	-154913.8503	-314059.2167	44469650.5920	  0.0000	-107659.8895	-4694218.
-154913.8503	  0.0000	  0.0000	  0.0000	850469410.5096	-12937.6302	453049210.072
314059.2167	  0.0000	  0.0000	-107659.8895	-12937.6302	852180651.7653	246532.250
2951951.7469	  0.0000	56208088.8794	-4694218.5428	453049210.0728	246532.2501	123
-2951951.7469	  0.0000	55579970.4440	-4641761.2316	-456104005.4928	-246532.2501	
  0.0000	  0.0000	  0.0000	  0.0000	  0.0000	  0.0000	  0.0000	  0.0000	3760512.
  0.0000	  0.0000	  0.0000	  0.0000	  0.0000	  0.0000	  0.0000	  0.0000	  0.0000
  0.0000	  0.0000	  0.0000	  0.0000	  0.0000	  0.0000	  0.0000	  0.0000	  0.0000
  0.0000	  0.0000	  0.0000	  0.0000	  0.0000	  0.0000	  0.0000	  0.0000	  0.0000
  0.0000	  0.0000	  0.0000	  0.0000	  0.0000	  0.0000	  0.0000	  0.0000	-154913.
  0.0000	  0.0000	  0.0000	  0.0000	  0.0000	  0.0000	  0.0000	  0.0000	314059.2
  0.0000	  0.0000	  0.0000	  0.0000	  0.0000	  0.0000	  0.0000	  0.0000	2951951.
  0.0000	  0.0000	  0.0000	  0.0000	  0.0000	  0.0000	  0.0000	  0.0000	-2951951
  0.0000	  0.0000	  0.0000	  0.0000	  0.0000	  0.0000	  0.0000	  0.0000	  0.0000
  0.0000	  0.0000	  0.0000	  0.0000	  0.0000	  0.0000	  0.0000	  0.0000	  0.0000
  0.0000	  0.0000	  0.0000	  0.0000	  0.0000	  0.0000	  0.0000	  0.0000	  0.0000
  0.0000	  0.0000	  0.0000	  0.0000	  0.0000	  0.0000	  0.0000	  0.0000	  0.0000
  0.0000	  0.0000	  0.0000	  0.0000	  0.0000	  0.0000	  0.0000	  0.0000	  0.0000
  0.0000	  0.0000	  0.0000	  0.0000	  0.0000	  0.0000	  0.0000	  0.0000	  0.0000
1
  0.0000	  0.0000	  0.0000	  0.0000	  0.0000	  0.0000	  0.0000	  0.0000	  0.0000
  0.0000	  0.0000	  0.0000	  0.0000	  0.0000	  0.0000	  0.0000	  0.0000	  0.0000
  0.0000	  0.0000	  0.0000	  0.0000	  0.0000	  0.0000	  0.0000	  0.0000	  0.0000
  0.0000	  0.0000	  0.0000	  0.0000	  0.0000	  0.0000	  0.0000	  0.0000	  0.0000
  0.0000	  0.0000	  0.0000	  0.0000	  0.0000	  0.0000	  0.0000	  0.0000	  0.0000
  0.0000	  0.0000	  0.0000	  0.0000	  0.0000	  0.0000	  0.0000	  0.0000	  0.0000
  0.0000	  0.0000	  0.0000	  0.0000	  0.0000	  0.0000	  0.0000	  0.0000	  0.0000
  0.0000	  0.0000	  0.0000	  0.0000	  0.0000	  0.0000	  0.0000	  0.0000	  0.0000
  0.0000	  0.0000	  0.0000	  0.0000	  0.0000	  0.0000	  0.0000	  0.0000	  0.0000
  0.0000	  0.0000	  0.0000	  0.0000	  0.0000	  0.0000	  0.0000	  0.0000	  0.0000
  0.0000	  0.0000	  0.0000	  0.0000	  0.0000	  0.0000	  0.0000	  0.0000	  0.0000
  0.0000	  0.0000	  0.0000	  0.0000	  0.0000	  0.0000	  0.0000	  0.0000	  0.0000
  0.0000	  0.0000	  0.0000	  0.0000	  0.0000	  0.0000	  0.0000	  0.0000	  0.0000
  0.0000	  0.0000	  0.0000	  0.0000	  0.0000	  0.0000	  0.0000	  0.0000	  0.0000
  0.0000	  0.0000	  0.0000	  0.0000	  0.0000	  0.0000	  0.0000	  0.0000	  0.0000
  0.0000	  0.0000	  0.0000	  0.0000	  0.0000	  0.0000	  0.0000	  0.0000	  0.0000
  0.0000	  0.0000	  0.0000	  0.0000	  0.0000	  0.0000	  0.0000	  0.0000	  0.0000
  0.0000	  0.0000	  0.0000	  0.0000	  0.0000	  0.0000	  0.0000	  0.0000	  0.0000
  0.0000	  0.0000	  0.0000	  0.0000	  0.0000	  0.0000	  0.0000	  0.0000	  0.0000
  0.0000	  0.0000	  0.0000	  0.0000	  0.0000	  0.0000	  0.0000	  0.0000	  0.0000
  0.0000	  0.0000	  0.0000	  0.0000	  0.0000	  0.0000	  0.0000	  0.0000	  0.0000
  0.0000	  0.0000	  0.0000	  0.0000	  0.0000	  0.0000	  0.0000	  0.0000	  0.0000
1
  0.0000	  0.0000	  0.0000	  0.0000	  0.0000	  0.0000	  0.0000	  0.0000	  0.0000
  0.0000	  0.0000	  0.0000	  0.0000	  0.0000	  0.0000	  0.0000	  0.0000	  0.0000
  0.0000	  0.0000	  0.0000	  0.0000	  0.0000	  0.0000	  0.0000	  0.0000	  0.0000
  0.0000	  0.0000	  0.0000	  0.0000	  0.0000	  0.0000	  0.0000	  0.0000	  0.0000
  0.0000	  0.0000	  0.0000	  0.0000	  0.0000	  0.0000	  0.0000	  0.0000	  0.0000
  0.0000	  0.0000	  0.0000	  0.0000	  0.0000	  0.0000	  0.0000	  0.0000	  0.0000
  0.0000	  0.0000	  0.0000	  0.0000	  0.0000	  0.0000	  0.0000	  0.0000	  0.0000
  0.0000	  0.0000	  0.0000	  0.0000	  0.0000	  0.0000	  0.0000	  0.0000	  0.0000
  0.0000	  0.0000	  0.0000	  0.0000	  0.0000	  0.0000	  0.0000	  0.0000	  0.0000
  0.0000	  0.0000	  0.0000	  0.0000	  0.0000	  0.0000	  0.0000	  0.0000	  0.0000
  0.0000	  0.0000	  0.0000	  0.0000	  0.0000	  0.0000	  0.0000	  0.0000	  0.0000
  0.0000	  0.0000	  0.0000	  0.0000	  0.0000	  0.0000	  0.0000	  0.0000	  0.0000
  0.0000	  0.0000	  0.0000	  0.0000	  0.0000	  0.0000	  0.0000	  0.0000	  0.0000
  0.0000	  0.0000	  0.0000	  0.0000	  0.0000	  0.0000	  0.0000	  0.0000	  0.0000
  0.0000	  0.0000	  0.0000	  0.0000	  0.0000	  0.0000	  0.0000	  0.0000	  0.0000
  0.0000	  0.0000	  0.0000	  0.0000	  0.0000	  0.0000	  0.0000	  0.0000	  0.0000
  0.0000	  0.0000	  0.0000	  0.0000	  0.0000	  0.0000	  0.0000	  0.0000	  0.0000
  0.0000	  0.0000	  0.0000	  0.0000	  0.0000	  0.0000	  0.0000	  0.0000	  0.0000
  0.0000	  0.0000	  0.0000	  0.0000	  0.0000	  0.0000	  0.0000	  0.0000	  0.0000
  0.0000	  0.0000	  0.0000	  0.0000	  0.0000	  0.0000	  0.0000	  0.0000	  0.0000
  0.0000	  0.0000	  0.0000	  0.0000	  0.0000	  0.0000	  0.0000	  0.0000	  0.0000
  0.0000	  0.0000	  0.0000	  0.0000	  0.0000	  0.0000	  0.0000	  0.0000	  0.0000
0
0
1
0
201	-100.0000	  1.0000
201	-100.0000	  1.0000
1	  0.0000	  1.0000

FORCE run completed:  02-Sep-2014 05:22:06

  WAMIT run completed
