   570366.8      -1.512877       563344.7      -1.512877       542451.1    
  -1.512876       508200.4      -1.512876       461436.3      -1.512876    
   403310.0      -1.512876       335253.0      -1.512876       258940.9    
  -1.512876       176252.7      -1.512876       89224.73      -1.512877    
  0.3487439       1.722148       89225.36       1.628717       176253.4    
   1.628717       258941.6       1.628717       335253.8       1.628717    
   403310.6       1.628717       461436.7       1.628717       508200.7    
   1.628717       542451.2       1.628716       563344.7       1.628716    
   570366.8       1.628716       563344.9       1.628716       542451.2    
   1.628716       508200.6       1.628716       461436.2       1.628716    
   403310.2       1.628716       335252.8       1.628716       258940.6    
   1.628716       176252.6       1.628715       89224.70       1.628716    
  0.3093701      -1.600394       89225.48      -1.512878       176253.5    
  -1.512878       258941.6      -1.512877       335253.7      -1.512877    
   403310.5      -1.512877       461436.7      -1.512877       508200.8    
  -1.512877       542451.3      -1.512877       563344.9      -1.512877    
   2257119.       69754.50      -1.159680     -6.1360359E-02 -0.1243784    
  6.0729980E-03  -7.100029     -0.3051009      -2807784.      -53077.41    
 -2.3770426E-05 -6.5084441E-07   691654.9      -1.474746       683139.4    
  -1.474746       657803.1      -1.474746       616269.1      -1.474746    
   559560.4      -1.474745       489073.9      -1.474745       406544.7    
  -1.474746       314004.6      -1.474746       213733.0      -1.474746    
   108198.5      -1.474746      0.2664813       2.334167       108198.9    
   1.666849       213733.5       1.666849       314005.0       1.666848    
   406544.8       1.666848       489074.2       1.666848       559560.8    
   1.666848       616269.4       1.666848       657802.9       1.666848    
   683139.6       1.666848       691655.0       1.666848       683139.4    
   1.666848       657803.2       1.666848       616269.2       1.666848    
   559560.8       1.666848       489074.1       1.666848       406544.2    
   1.666848       314004.5       1.666848       213732.6       1.666848    
   108198.5       1.666849      0.2563650      -2.076033       108198.9    
  -1.474747       213733.4      -1.474746       314005.2      -1.474746    
   406544.8      -1.474746       489074.3      -1.474746       559560.7    
  -1.474746       616269.1      -1.474746       657802.6      -1.474746    
   683139.8      -1.474746       2377176.       137504.5     -0.7381881    
 -4.3992996E-02  0.2909544      1.7608643E-02  -1.520271     -0.1524153    
  -2904440.      -106479.1     -2.0983811E-05 -9.4583629E-07   829749.9    
  -1.415337       819534.4      -1.415337       789139.1      -1.415337    
   739312.6      -1.415337       671281.8      -1.415337       586722.2    
  -1.415338       487714.7      -1.415337       376698.5      -1.415337    
   256406.7      -1.415337       129801.4      -1.415337      0.2020719    
   2.330028       129801.6       1.726256       256407.0       1.726256    
   376698.9       1.726256       487714.9       1.726256       586721.9    
   1.726256       671281.8       1.726256       739312.8       1.726256    
   789139.1       1.726256       819534.7       1.726256       829749.7    
   1.726256       819534.5       1.726256       789138.9       1.726256    
   739312.5       1.726256       671281.8       1.726256       586721.5    
   1.726256       487714.5       1.726256       376698.2       1.726256    
   256406.4       1.726256       129801.5       1.726257      0.1349223    
  -2.293137       129801.7      -1.415338       256407.0      -1.415337    
   376698.8      -1.415337       487715.0      -1.415337       586721.5    
  -1.415337       671281.9      -1.415337       739312.7      -1.415337    
   789139.0      -1.415337       819534.6      -1.415337       2505092.    
   262006.8     -0.2966430     -1.1453629E-02  4.1778073E-02 -8.5449219E-03
  -1.868858     -0.1707191      -2999910.      -208085.7      1.2484988E-05
  1.9913696E-06   965807.6      -1.330849       953916.9      -1.330849    
   918537.4      -1.330849       860541.0      -1.330849       781355.2    
  -1.330849       682929.4      -1.330849       567687.2      -1.330849    
   438467.5      -1.330850       298451.0      -1.330850       151085.7    
  -1.330850      0.2433354       2.499998       151085.7       1.810745    
   298451.3       1.810744       438467.7       1.810744       567687.8    
   1.810744       682929.4       1.810744       781355.2       1.810744    
   860541.1       1.810744       918537.9       1.810744       953916.9    
   1.810744       965807.7       1.810744       953917.1       1.810744    
   918537.6       1.810744       860541.1       1.810744       781354.6    
   1.810744       682929.2       1.810744       567687.6       1.810744    
   438467.6       1.810744       298450.6       1.810744       151085.7    
   1.810745      0.2509817      -2.324807       151085.8      -1.330850    
   298451.3      -1.330850       438468.0      -1.330850       567687.8    
  -1.330849       682929.4      -1.330849       781354.8      -1.330849    
   860541.1      -1.330849       918537.8      -1.330849       953917.2    
  -1.330849       2586902.       464089.2     -0.3520786     -4.2446136E-02
  0.2150791      4.9194336E-02  -2.598434     -0.3644543      -3058716.    
  -373734.5     -4.6088146E-05 -3.7557825E-06   1084911.      -1.222558    
   1071554.      -1.222558       1031811.      -1.222558       966662.6    
  -1.222558       877711.4      -1.222558       767147.9      -1.222559    
   637694.4      -1.222558       492539.5      -1.222558       335256.1    
  -1.222558       169717.7      -1.222559      0.2021214     -0.9569533    
   169717.1       1.919034       335255.7       1.919034       492539.2    
   1.919034       637694.6       1.919034       767148.1       1.919034    
   877710.8       1.919035       966662.0       1.919035       1031811.    
   1.919035       1071554.       1.919034       1084911.       1.919035    
   1071553.       1.919035       1031811.       1.919035       966662.6    
   1.919034       877710.9       1.919035       767147.4       1.919035    
   637694.4       1.919035       492539.1       1.919034       335255.7    
   1.919034       169717.8       1.919034      0.2196408       1.483847    
   169717.4      -1.222558       335255.7      -1.222558       492539.3    
  -1.222558       637694.4      -1.222558       767147.3      -1.222558    
   877710.8      -1.222558       966662.5      -1.222558       1031811.    
  -1.222558       1071554.      -1.222558       2594656.       752445.2    
  0.3882113      0.1093063     -0.2442494     -6.8664551E-02   1.330394    
  0.5293312      -3049337.      -610196.7      4.0506725E-06  3.2959724E-06
  0.2940878      2.9630760E-02   89225.08      -1.512873       176253.1    
  -1.512875       258941.0      -1.512875       335253.2      -1.512875    
   403310.3      -1.512875       461436.5      -1.512875       508200.6    
  -1.512875       542451.2      -1.512875       563344.6      -1.512875    
   570367.1      -1.512875       563344.7      -1.512875       542450.9    
  -1.512875       508200.5      -1.512875       461436.4      -1.512875    
   403310.3      -1.512875       335253.2      -1.512876       258941.1    
  -1.512875       176253.1      -1.512875       89225.06      -1.512873    
  0.3076202      0.1607217       89225.07       1.628712       176253.0    
   1.628714       258941.2       1.628715       335253.1       1.628715    
   403310.5       1.628715       461436.6       1.628715       508200.7    
   1.628715       542450.7       1.628715       563344.4       1.628715    
   570366.9       1.628715       563344.6       1.628715       542451.3    
   1.628715       508200.5       1.628715       461436.3       1.628715    
   403310.5       1.628715       335253.1       1.628715       258941.0    
   1.628715       176253.0       1.628714       89224.64       1.628712    
  3.5116199E-02  1.0114670E-02   2257118.       69754.42     -0.5995690    
  1.3399124E-02   2807782.       53077.21       4.172970      9.1829300E-02
 -2.9869780E-05 -3.0526348E-07  0.1479425      -2.169419       108198.7    
  -1.474746       213733.0      -1.474746       314005.0      -1.474745    
   406544.4      -1.474745       489073.6      -1.474745       559560.4    
  -1.474745       616268.9      -1.474745       657802.4      -1.474745    
   683139.2      -1.474745       691654.4      -1.474745       683139.0    
  -1.474745       657802.4      -1.474745       616268.4      -1.474745    
   559560.1      -1.474745       489073.6      -1.474745       406544.3    
  -1.474745       314004.4      -1.474745       213733.0      -1.474745    
   108198.5      -1.474746      0.1510988       2.496569       108198.8    
   1.666848       213733.3       1.666848       314005.0       1.666847    
   406544.3       1.666847       489073.7       1.666847       559560.4    
   1.666847       616268.7       1.666847       657802.6       1.666847    
   683138.9       1.666847       691654.1       1.666847       683139.1    
   1.666847       657801.9       1.666847       616268.7       1.666847    
   559560.2       1.666847       489073.8       1.666847       406544.2    
   1.666847       314004.4       1.666847       213732.8       1.666847    
   108198.1       1.666847      0.5383642      6.7535400E-02   2377174.    
   137504.3      0.4846132      3.2314301E-02   2904429.       106478.2    
  -1.455510     -0.2229090      1.0127668E-05  8.6443191E-07  0.2046200    
  -2.233122       129801.6      -1.415339       256406.9      -1.415338    
   376698.4      -1.415338       487714.4      -1.415337       586721.5    
  -1.415338       671281.4      -1.415337       739312.1      -1.415337    
   789138.8      -1.415337       819533.9      -1.415337       829749.2    
  -1.415337       819533.9      -1.415337       789138.6      -1.415337    
   739312.2      -1.415337       671281.4      -1.415337       586721.4    
  -1.415337       487714.2      -1.415337       376698.2      -1.415337    
   256406.7      -1.415337       129801.3      -1.415338      0.2608598    
   2.575887       129801.6       1.726258       256406.7       1.726257    
   376698.5       1.726256       487714.7       1.726256       586721.5    
   1.726256       671281.5       1.726256       739312.5       1.726256    
   789138.4       1.726256       819533.8       1.726256       829749.6    
   1.726256       819533.7       1.726256       789138.3       1.726256    
   739312.4       1.726256       671281.3       1.726256       586721.4    
   1.726256       487714.1       1.726256       376698.3       1.726256    
   256406.4       1.726256       129800.9       1.726257      0.3562094    
  5.1242828E-02   2505090.       262006.5      0.4033904      7.3684692E-02
   2999904.       208084.8      8.8195570E-02 -0.2404346     -1.8733173E-05
  4.4967135E-07  0.2324902      -2.306470       151085.7      -1.330850    
   298450.9      -1.330850       438467.7      -1.330849       567687.5    
  -1.330850       682929.2      -1.330849       781354.5      -1.330849    
   860541.1      -1.330849       918537.6      -1.330850       953916.4    
  -1.330849       965806.9      -1.330849       953916.5      -1.330849    
   918537.1      -1.330849       860540.6      -1.330849       781354.6    
  -1.330849       682928.9      -1.330849       567687.1      -1.330849    
   438467.2      -1.330849       298451.0      -1.330850       151085.6    
  -1.330850      0.3047272       2.670099       151085.6       1.810746    
   298451.0       1.810745       438467.7       1.810744       567687.2    
   1.810744       682929.3       1.810744       781354.6       1.810744    
   860540.8       1.810744       918537.3       1.810744       953916.2    
   1.810744       965807.6       1.810744       953916.2       1.810744    
   918537.3       1.810744       860540.2       1.810744       781354.7    
   1.810744       682929.1       1.810744       567687.2       1.810744    
   438467.4       1.810744       298450.9       1.810744       151085.1    
   1.810745      0.2143479      0.1232491       2586901.       464089.1    
  0.4852844      0.1383820       3058713.       373733.4     -0.6209487    
 -0.5606613      3.4967445E-05  1.6171539E-06  0.3896946      -1.998021    
   169717.8      -1.222560       335256.2      -1.222559       492539.7    
  -1.222559       637695.1      -1.222559       767147.9      -1.222558    
   877711.6      -1.222559       966662.8      -1.222558       1031812.    
  -1.222558       1071554.      -1.222559       1084911.      -1.222558    
   1071554.      -1.222558       1031811.      -1.222558       966662.4    
  -1.222558       877711.4      -1.222559       767147.9      -1.222558    
   637694.6      -1.222558       492538.8      -1.222559       335255.7    
  -1.222558       169717.2      -1.222560      0.3761434       2.456880    
   169718.2       1.919035       335256.4       1.919035       492539.4    
   1.919035       637694.8       1.919035       767147.8       1.919035    
   877711.6       1.919035       966663.4       1.919035       1031812.    
   1.919035       1071554.       1.919035       1084911.       1.919034    
   1071554.       1.919035       1031812.       1.919035       966663.0    
   1.919034       877711.1       1.919034       767148.0       1.919034    
   637694.5       1.919035       492539.3       1.919035       335255.6    
   1.919035       169716.7       1.919035      0.5272967      0.1710320    
   2594658.       752445.4      0.3966819      0.1152077       3049341.    
   610197.9      -2.010376     -0.6380959     -8.2015147E-05 -2.2903798E-05
   431470.5      -2.805815       431470.7      -2.805815       431470.8    
  -2.805816       431470.8      -2.805817       431470.9      -2.805817    
   431471.2      -2.805818       431471.1      -2.805818       431471.1    
  -2.805819       431471.2      -2.805819       431471.2      -2.805819    
   431471.2      -2.805819       431471.2      -2.805819       431471.2    
  -2.805819       431470.9      -2.805819       431470.9      -2.805818    
   431470.9      -2.805818       431470.6      -2.805817       431470.6    
  -2.805817       431470.5      -2.805816       431470.5      -2.805815    
   431470.2      -2.805815       431470.2      -2.805814       431470.1    
  -2.805813       431469.9      -2.805813       431469.8      -2.805812    
   431469.7      -2.805811       431469.7      -2.805811       431469.7    
  -2.805811       431469.6      -2.805811       431469.5      -2.805810    
   431469.7      -2.805810       431469.6      -2.805810       431469.7    
  -2.805810       431469.7      -2.805811       431469.8      -2.805811    
   431469.8      -2.805811       431470.0      -2.805812       431470.1    
  -2.805813       431470.2      -2.805813       431470.4      -2.805814    
 -0.2266925     -0.3248731      -7.045087      -3.165085       1885572.    
   247127.8      -15.59481      -9.442801      -7.732033      3.1556904E-02
  7.0529473E-03  4.4466676E-03   504097.1      -2.780457       504097.0    
  -2.780457       504097.2      -2.780458       504097.2      -2.780458    
   504097.3      -2.780458       504097.4      -2.780459       504097.3    
  -2.780459       504097.5      -2.780460       504097.3      -2.780460    
   504097.5      -2.780460       504097.5      -2.780460       504097.7    
  -2.780460       504097.5      -2.780460       504097.6      -2.780460    
   504097.5      -2.780460       504097.6      -2.780460       504097.5    
  -2.780460       504097.6      -2.780460       504097.4      -2.780459    
   504097.5      -2.780459       504097.4      -2.780459       504097.2    
  -2.780458       504097.2      -2.780458       504097.1      -2.780458    
   504097.1      -2.780457       504097.1      -2.780457       504096.9    
  -2.780457       504096.8      -2.780456       504096.7      -2.780456    
   504096.8      -2.780456       504096.7      -2.780456       504096.7    
  -2.780456       504096.7      -2.780456       504096.6      -2.780456    
   504096.8      -2.780456       504096.7      -2.780456       504096.8    
  -2.780456       504096.8      -2.780456       504096.8      -2.780456    
   504096.9      -2.780457       1.396940      0.6463943      -3.359662    
  -1.763623       1817409.       264218.0      -22.22807      -9.896584    
  -3.555929      -1.657193      5.8708540E-03  5.1337918E-03   563793.6    
  -2.747463       563793.6      -2.747463       563793.5      -2.747463    
   563793.6      -2.747463       563793.6      -2.747463       563793.7    
  -2.747463       563793.8      -2.747463       563793.6      -2.747464    
   563793.5      -2.747464       563793.5      -2.747464       563793.8    
  -2.747464       563793.8      -2.747464       563793.8      -2.747464    
   563793.9      -2.747464       563793.9      -2.747465       563793.9    
  -2.747465       563794.0      -2.747465       563794.0      -2.747465    
   563794.1      -2.747465       563794.0      -2.747465       563794.1    
  -2.747465       563794.1      -2.747464       563794.1      -2.747465    
   563794.0      -2.747464       563794.2      -2.747464       563793.9    
  -2.747464       563794.0      -2.747464       563793.8      -2.747464    
   563793.8      -2.747464       563793.9      -2.747464       563793.8    
  -2.747463       563793.8      -2.747463       563793.8      -2.747463    
   563793.7      -2.747463       563793.8      -2.747463       563793.6    
  -2.747463       563793.8      -2.747463       563793.7      -2.747463    
   563793.6      -2.747463       563793.4      -2.747463       1.377246    
  0.9830306     -0.7137857     -0.2628445       1745865.       275936.1    
  -7.983253      -4.092767      -6.435875      -4.903749      4.6505616E-03
  5.8252048E-03   605797.9      -2.720582       605797.8      -2.720582    
   605797.8      -2.720583       605797.8      -2.720582       605798.0    
  -2.720583       605798.0      -2.720583       605797.9      -2.720583    
   605797.8      -2.720583       605798.0      -2.720583       605798.0    
  -2.720583       605797.9      -2.720583       605798.0      -2.720583    
   605798.1      -2.720584       605798.2      -2.720584       605798.2    
  -2.720584       605798.4      -2.720584       605798.1      -2.720584    
   605798.2      -2.720584       605798.1      -2.720584       605798.0    
  -2.720584       605798.2      -2.720583       605798.3      -2.720584    
   605798.2      -2.720584       605798.2      -2.720584       605798.1    
  -2.720584       605798.1      -2.720583       605798.1      -2.720583    
   605798.0      -2.720583       605798.0      -2.720583       605797.9    
  -2.720583       605798.0      -2.720583       605797.8      -2.720583    
   605797.9      -2.720583       605797.8      -2.720582       605797.9    
  -2.720583       605797.9      -2.720583       605797.8      -2.720582    
   605797.8      -2.720582       605797.9      -2.720582       605797.8    
  -2.720582      0.9943977      0.8191433     -0.4181823     -0.3323838    
   1691099.       267228.8      -5.145171      -3.861304      -3.398898    
  -4.551146      3.1998183E-03  6.1146254E-03   629190.2      -2.693970    
   629190.2      -2.693970       629190.2      -2.693970       629190.2    
  -2.693970       629190.2      -2.693970       629190.3      -2.693970    
   629190.2      -2.693970       629190.3      -2.693970       629190.3    
  -2.693970       629190.4      -2.693970       629190.3      -2.693970    
   629190.4      -2.693971       629190.6      -2.693971       629190.2    
  -2.693971       629190.4      -2.693971       629190.4      -2.693971    
   629190.3      -2.693971       629190.3      -2.693971       629190.4    
  -2.693971       629190.4      -2.693971       629190.6      -2.693971    
   629190.4      -2.693971       629190.4      -2.693971       629190.4    
  -2.693971       629190.5      -2.693971       629190.6      -2.693971    
   629190.6      -2.693971       629190.5      -2.693971       629190.4    
  -2.693971       629190.4      -2.693971       629190.4      -2.693971    
   629190.2      -2.693970       629190.3      -2.693971       629190.3    
  -2.693970       629190.2      -2.693971       629190.3      -2.693970    
   629190.1      -2.693970       629190.2      -2.693970       629190.2    
  -2.693970       629190.2      -2.693970      0.5610347      0.5055513    
  9.3219496E-02  9.2447400E-02   1650988.       248127.7      0.1148878    
   2.660040      -4.365444      -4.287960      2.0557032E-03  6.3199066E-03
   1.043165       2.551716       113867.2      -1.544221       224931.0    
  -1.544215       330456.3      -1.544214       427844.8      -1.544214    
   514697.9      -1.544213       588878.2      -1.544213       648557.8    
  -1.544212       692267.6      -1.544213       718931.9      -1.544213    
   727893.2      -1.544212       718931.9      -1.544212       692267.8    
  -1.544212       648557.9      -1.544212       588878.3      -1.544212    
   514698.5      -1.544213       427845.4      -1.544213       330457.2    
  -1.544214       224931.8      -1.544215       113868.1      -1.544217    
  0.8621541      -2.683810       113867.4       1.597392       224931.2    
   1.597384       330456.7       1.597385       427844.8       1.597382    
   514697.9       1.597382       588878.3       1.597382       648558.5    
   1.597382       692267.8       1.597382       718932.2       1.597381    
   727893.8       1.597382       718932.3       1.597382       692268.0    
   1.597382       648558.4       1.597382       588878.5       1.597382    
   514699.0       1.597383       427845.8       1.597382       330457.5    
   1.597384       224931.9       1.597385       113867.9       1.597390    
  -2.437303     -0.2321329       2517505.       40877.45       4.273383    
 -6.0421467E-02  2.6471578E+07   31110.13       6.973265      0.4183624    
 -2.2402221E-05  1.3469378E-06  0.4228718       1.170797       139018.4    
  -1.525189       274614.0      -1.525191       403448.0      -1.525192    
   522347.2      -1.525192       628385.1      -1.525192       718950.2    
  -1.525192       791811.9      -1.525191       845176.4      -1.525191    
   877730.1      -1.525191       888671.2      -1.525191       877730.1    
  -1.525192       845176.5      -1.525191       791812.1      -1.525192    
   718950.4      -1.525191       628385.8      -1.525191       522348.2    
  -1.525191       403448.6      -1.525191       274615.1      -1.525190    
   139019.2      -1.525191      0.4671186     -0.9866566       139018.4    
   1.616395       274614.0       1.616400       403447.7       1.616398    
   522347.8       1.616400       628384.9       1.616399       718950.1    
   1.616400       791811.1       1.616400       845176.4       1.616400    
   877729.5       1.616400       888671.4       1.616400       877730.3    
   1.616400       845176.2       1.616400       791811.6       1.616400    
   718950.5       1.616400       628386.1       1.616399       522348.6    
   1.616400       403448.9       1.616400       274614.9       1.616400    
   139018.9       1.616399      -1.674712     -0.1427991       2603286.    
   83997.88     -0.4763822      0.1683483      2.6594218E+07   64836.70    
   12.37323      0.6537327      1.1069679E-05  4.1905419E-06  0.1093576    
   2.806638       166366.1      -1.494022       328635.8      -1.494024    
   482813.7      -1.494024       625102.1      -1.494023       751999.3    
  -1.494023       860380.0      -1.494023       947574.2      -1.494023    
   1011436.      -1.494023       1050394.      -1.494023       1063487.    
  -1.494023       1050394.      -1.494023       1011437.      -1.494024    
   947574.3      -1.494023       860379.2      -1.494023       751999.8    
  -1.494023       625102.3      -1.494023       482813.2      -1.494023    
   328635.8      -1.494022       166366.2      -1.494022      0.3819824    
 -0.1929721       166366.3       1.647568       328636.0       1.647567    
   482813.7       1.647568       625102.4       1.647569       751999.1    
   1.647569       860379.8       1.647569       947574.5       1.647569    
   1011437.       1.647569       1050394.       1.647569       1063487.    
   1.647569       1050394.       1.647568       1011436.       1.647569    
   947574.8       1.647569       860379.3       1.647569       751999.8    
   1.647569       625102.3       1.647568       482813.3       1.647569    
   328635.6       1.647568       166365.5       1.647567     -0.1103305    
 -0.2061830       2681615.       166338.7      0.2981322     -7.3862076E-03
  2.6577588E+07   131709.8      -1.516062      0.6599041     -3.3295426E-05
  8.0604968E-06  0.2140345       2.449106       194771.7      -1.449169    
   384747.7      -1.449170       565250.2      -1.449170       731833.3    
  -1.449170       880397.6      -1.449170       1007282.      -1.449170    
   1109366.      -1.449169       1184132.      -1.449169       1229740.    
  -1.449169       1245070.      -1.449169       1229742.      -1.449169    
   1184132.      -1.449170       1109366.      -1.449169       1007282.    
  -1.449169       880397.7      -1.449170       731834.0      -1.449169    
   565250.1      -1.449169       384748.0      -1.449169       194772.1    
  -1.449169      0.3186548       3.019490       194772.0       1.692424    
   384747.2       1.692424       565250.1       1.692424       731833.6    
   1.692423       880397.2       1.692423       1007283.       1.692423    
   1109365.       1.692423       1184132.       1.692423       1229741.    
   1.692423       1245070.       1.692423       1229742.       1.692423    
   1184132.       1.692423       1109366.       1.692423       1007283.    
   1.692423       880397.4       1.692423       731834.1       1.692423    
   565250.4       1.692423       384747.9       1.692422       194771.3    
   1.692422     -0.3524037     -0.2402174       2745016.       305452.2    
 -0.1946902      3.8497448E-02  2.6663874E+07   245133.8       3.509665    
   1.050751      1.9767011E-05  1.6439150E-06  0.1312615       2.884902    
   219344.6      -1.392378       433288.6      -1.392377       636562.8    
  -1.392377       824163.2      -1.392377       991469.1      -1.392376    
   1134363.      -1.392376       1249324.      -1.392377       1333524.    
  -1.392377       1384887.      -1.392377       1402150.      -1.392376    
   1384886.      -1.392376       1333523.      -1.392376       1249324.    
  -1.392376       1134363.      -1.392376       991468.4      -1.392376    
   824162.7      -1.392376       636562.4      -1.392377       433288.1    
  -1.392377       219344.5      -1.392375      0.8045900       2.460039    
   219344.8       1.749220       433288.6       1.749218       636562.8    
   1.749217       824162.9       1.749217       991469.5       1.749217    
   1134363.       1.749218       1249325.       1.749217       1333524.    
   1.749217       1384886.       1.749217       1402149.       1.749217    
   1384886.       1.749217       1333523.       1.749217       1249324.    
   1.749217       1134363.       1.749217       991468.6       1.749217    
   824162.2       1.749217       636562.6       1.749217       433287.9    
   1.749218       219343.7       1.749218      0.5557255     -7.6039344E-02
   2743624.       505831.7     -0.1777375      0.1313896      2.6663826E+07
   410982.0     -0.5464782     -3.2700151E-02 -6.6508306E-05 -8.6137325E-06
   727893.4       1.597379       718931.6       1.597380       692267.9    
   1.597380       648558.1       1.597380       588878.0       1.597380    
   514698.2       1.597380       427844.8       1.597380       330456.4    
   1.597379       224931.0       1.597379       113867.3       1.597374    
   1.027592     -0.3034199       113868.1      -1.544204       224932.0    
  -1.544208       330457.2      -1.544209       427845.6      -1.544209    
   514698.9      -1.544210       588878.6      -1.544209       648558.4    
  -1.544210       692268.4      -1.544211       718932.0      -1.544210    
   727893.6      -1.544211       718932.1      -1.544211       692267.9    
  -1.544211       648558.1      -1.544211       588878.6      -1.544210    
   514698.5      -1.544210       427844.9      -1.544210       330456.6    
  -1.544210       224931.0      -1.544208       113867.6      -1.544204    
  0.9286277     -3.6050405E-02   113867.9       1.597374       224931.6    
   1.597377       330457.0       1.597378       427845.4       1.597378    
   514698.5       1.597379       588878.2       1.597379       648557.9    
   1.597379       692268.2       1.597380       718932.3       1.597380    
  -2517506.      -40877.27       1.050030     -6.2105957E-02  -5.618125    
  0.1533661     -0.8409018     -0.2611489      2.6471582E+07   31109.34    
  3.6905811E-05  3.2055113E-06   888671.2       1.616400       877730.7    
   1.616401       845176.8       1.616400       791811.9       1.616401    
   718950.0       1.616401       628385.8       1.616400       522348.0    
   1.616401       403448.1       1.616402       274614.5       1.616402    
   139018.5       1.616401      0.4813551      -1.133343       139019.2    
  -1.525193       274615.1      -1.525192       403448.9      -1.525192    
   522348.4      -1.525192       628386.2      -1.525192       718950.3    
  -1.525192       791812.4      -1.525192       845177.0      -1.525192    
   877731.0      -1.525192       888671.6      -1.525192       877730.6    
  -1.525192       845176.8      -1.525192       791811.9      -1.525192    
   718950.7      -1.525192       628385.9      -1.525193       522348.2    
  -1.525192       403448.0      -1.525192       274614.1      -1.525193    
   139018.5      -1.525194      0.2275322       2.092014       139019.2    
   1.616400       274615.2       1.616400       403448.8       1.616401    
   522348.3       1.616401       628385.9       1.616400       718950.8    
   1.616400       791812.2       1.616401       845177.5       1.616400    
   877730.5       1.616400      -2603289.      -83997.95       1.001948    
 -0.1199644      0.1901876      8.2099915E-02   12.14791     -0.4836715    
  2.6594222E+07   64836.35      3.2084423E-05 -4.8928446E-06   1063488.    
   1.647569       1050395.       1.647569       1011437.       1.647569    
   947575.1       1.647569       860379.8       1.647569       752000.0    
   1.647569       625102.8       1.647569       482813.8       1.647569    
   328636.1       1.647570       166366.4       1.647569      0.2586430    
  -3.110054       166366.2      -1.494021       328636.0      -1.494025    
   482813.8      -1.494023       625102.7      -1.494023       751999.7    
  -1.494024       860379.7      -1.494023       947574.8      -1.494023    
   1011437.      -1.494023       1050395.      -1.494023       1063488.    
  -1.494023       1050395.      -1.494023       1011437.      -1.494023    
   947575.0      -1.494023       860379.9      -1.494023       752000.0    
  -1.494023       625102.2      -1.494023       482813.3      -1.494024    
   328635.5      -1.494024       166366.4      -1.494023      0.2691871    
  -2.939948       166366.4       1.647571       328636.1       1.647569    
   482813.7       1.647569       625102.9       1.647569       751999.4    
   1.647569       860379.9       1.647569       947574.6       1.647569    
   1011437.       1.647569       1050394.       1.647569      -2681616.    
  -166338.8     -0.2231599     -2.0453528E-02   1.135888      1.9836426E-02
  -5.232584     -0.2656320      2.6577600E+07   131709.8      2.7680446E-06
  2.6426419E-06   1245071.       1.692423       1229742.       1.692423    
   1184132.       1.692423       1109366.       1.692423       1007283.    
   1.692423       880398.4       1.692423       731834.3       1.692424    
   565250.3       1.692424       384748.0       1.692425       194771.8    
   1.692425      0.2868600       2.843217       194772.0      -1.449170    
   384748.2      -1.449169       565250.8      -1.449170       731834.4    
  -1.449169       880398.0      -1.449170       1007283.      -1.449169    
   1109366.      -1.449169       1184133.      -1.449169       1229742.    
  -1.449169       1245071.      -1.449169       1229742.      -1.449169    
   1184133.      -1.449170       1109366.      -1.449169       1007284.    
  -1.449169       880397.6      -1.449170       731833.7      -1.449170    
   565250.1      -1.449170       384747.6      -1.449170       194771.8    
  -1.449170      0.2831863       2.227814       194772.5       1.692426    
   384748.4       1.692425       565250.7       1.692424       731834.9    
   1.692423       880398.0       1.692423       1007283.       1.692423    
   1109366.       1.692423       1184133.       1.692423       1229743.    
   1.692423      -2745018.      -305452.2      0.4286595     -9.9754661E-02
   1.075311      5.0003052E-02   1.644414     -0.5636013      2.6663876E+07
   245133.9      2.6976586E-05 -2.8159513E-06   1402149.       1.749216    
   1384886.       1.749217       1333523.       1.749216       1249325.    
   1.749216       1134363.       1.749216       991469.8       1.749216    
   824162.6       1.749216       636562.7       1.749216       433288.8    
   1.749216       219344.8       1.749217      0.2319798       1.438662    
   219344.4      -1.392376       433287.8      -1.392376       636562.8    
  -1.392376       824162.9      -1.392376       991468.9      -1.392376    
   1134363.      -1.392376       1249325.      -1.392376       1333523.    
  -1.392376       1384886.      -1.392375       1402150.      -1.392376    
   1384887.      -1.392376       1333524.      -1.392376       1249324.    
  -1.392376       1134363.      -1.392376       991469.1      -1.392375    
   824162.8      -1.392376       636562.4      -1.392375       433287.9    
  -1.392375       219344.9      -1.392375      0.3086627     -0.3462496    
   219344.5       1.749217       433288.2       1.749216       636562.8    
   1.749217       824162.7       1.749216       991468.9       1.749217    
   1134363.       1.749216       1249324.       1.749217       1333524.    
   1.749217       1384886.       1.749217      -2743624.      -505831.7    
 -0.6598892     -0.1391007      0.2221014     -3.0986786E-02  -1.681231    
 -0.1227281      2.6663820E+07   410982.9     -4.8741043E-05 -8.3718787E-06
  3.6401148E-03  -2.426242      2.3934140E-03  -1.659732      2.7383687E-03
  -1.059185      2.7403315E-03  -1.059943      2.3920294E-03  -1.663725    
  3.6456764E-03  -2.428977      5.7867463E-03  -2.716608      7.2500650E-03
  -2.806453      7.2482126E-03  -2.807940      5.7978225E-03  -2.718180    
  3.6510006E-03  -2.426513      2.3861434E-03  -1.665949      2.7445876E-03
  -1.058826      2.7404458E-03  -1.058042      2.3904180E-03  -1.656678    
  3.6404238E-03  -2.426004      5.7940828E-03  -2.713964      7.2551286E-03
  -2.806741      7.2556944E-03  -2.806864      5.8025243E-03  -2.715888    
  3.6419514E-03  -2.424964      2.3949444E-03  -1.665355      2.7473113E-03
  -1.062521      2.7384779E-03  -1.058587      2.3998437E-03  -1.663315    
  3.6380736E-03  -2.427726      5.7931514E-03  -2.717010      7.2401804E-03
  -2.807045      7.2478205E-03  -2.808712      5.8089201E-03  -2.717242    
  3.6365811E-03  -2.429892      2.3916054E-03  -1.665778      2.7500000E-03
  -1.059783      2.7350497E-03  -1.054186      2.3981777E-03  -1.660934    
  3.6342205E-03  -2.427635      5.7928511E-03  -2.718069      7.2480263E-03
  -2.806139      7.2470936E-03  -2.807830      5.8037187E-03  -2.715907    
 -3.6484511E-05 -1.1622906E-06  2.7658645E-05  1.8392922E-05  6.4144437E-03
  4.1475594E-03  3.1116419E-05 -2.9468210E-06  8.4978739E-05  1.3113022E-06
  8.4199190E-02  2.8355527E-07  4.5625442E-03  -2.362649      3.7747133E-03
  -1.017544      6.1373794E-03 -0.5517138      6.1283638E-03 -0.5509792    
  3.7748220E-03  -1.015222      4.5685479E-03  -2.363264      9.0744589E-03
  -2.780409      1.2161063E-02  -2.874353      1.2167520E-02  -2.873449    
  9.0627586E-03  -2.780919      4.5811497E-03  -2.363080      3.7822828E-03
  -1.017933      6.1181495E-03 -0.5522757      6.1358060E-03 -0.5501158    
  3.7627316E-03  -1.008262      4.5627644E-03  -2.359171      9.0739811E-03
  -2.780019      1.2147120E-02  -2.873641      1.2166640E-02  -2.874409    
  9.0677924E-03  -2.781907      4.5659584E-03  -2.364802      3.7781999E-03
  -1.015805      6.1223740E-03 -0.5507305      6.1452016E-03 -0.5534142    
  3.7725845E-03  -1.016332      4.5712944E-03  -2.361446      9.0687843E-03
  -2.781581      1.2150470E-02  -2.875033      1.2148463E-02  -2.874345    
  9.0638166E-03  -2.780715      4.5488849E-03  -2.364294      3.7657893E-03
  -1.014995      6.1292299E-03 -0.5507632      6.1433213E-03 -0.5525258    
  3.7975654E-03  -1.016367      4.5565334E-03  -2.362403      9.0630734E-03
  -2.780031      1.2145380E-02  -2.874856      1.2152201E-02  -2.872634    
  9.0724621E-03  -2.779352     -3.1621174E-05  2.3134053E-06  1.0131424E-05
  3.2444950E-06  5.3041861E-03  4.7793388E-03  4.0557316E-05 -2.6039779E-06
 -2.6814754E-05 -2.6524067E-06  8.4225558E-02  4.6492744E-07  5.5712457E-03
  -2.290947      8.1185205E-03 -0.5426568      1.4161963E-02 -0.3007552    
  1.4190956E-02 -0.3018851      8.1448890E-03 -0.5422363      5.5890293E-03
  -2.289394      1.4887949E-02  -2.855421      2.1297745E-02  -2.943897    
  2.1289175E-02  -2.942661      1.4912112E-02  -2.857419      5.5706631E-03
  -2.292910      8.1235543E-03 -0.5460405      1.4170878E-02 -0.2992569    
  1.4177758E-02 -0.3006341      8.1462609E-03 -0.5414485      5.5868998E-03
  -2.290055      1.4911120E-02  -2.856584      2.1283546E-02  -2.943283    
  2.1271100E-02  -2.942725      1.4898461E-02  -2.856789      5.5876970E-03
  -2.287097      8.1356345E-03 -0.5448536      1.4163752E-02 -0.2992910    
  1.4194469E-02 -0.3010297      8.1315069E-03 -0.5429081      5.5590817E-03
  -2.288604      1.4896653E-02  -2.856874      2.1272019E-02  -2.944213    
  2.1267002E-02  -2.943585      1.4901827E-02  -2.856568      5.5683330E-03
  -2.290034      8.1245191E-03 -0.5439650      1.4162283E-02 -0.3013461    
  1.4181003E-02 -0.3021261      8.1429398E-03 -0.5439395      5.5773724E-03
  -2.288333      1.4896207E-02  -2.855086      2.1275718E-02  -2.943297    
  2.1276047E-02  -2.943437      1.4887167E-02  -2.857618     -7.2035560E-05
  5.6326389E-06  5.7868641E-05 -7.0258975E-06  4.1204384E-03  5.3513348E-03
 -2.6797046E-05  7.9390593E-06 -2.4679692E-05 -6.4820051E-07  8.4371999E-02
 -4.1460216E-06  6.5469895E-03  -2.222681      1.7485384E-02 -0.3033473    
  2.9935785E-02 -0.1756242      2.9919246E-02 -0.1760380      1.7492283E-02
 -0.3034523      6.5126284E-03  -2.218052      2.5147973E-02  -2.932562    
  3.7772488E-02  -3.002243      3.7764587E-02  -3.001931      2.5201341E-02
  -2.931049      6.5800915E-03  -2.220526      1.7483795E-02 -0.3043762    
  2.9948577E-02 -0.1748792      2.9925998E-02 -0.1758560      1.7514288E-02
 -0.3039835      6.5568071E-03  -2.214926      2.5169114E-02  -2.931612    
  3.7744939E-02  -3.002505      3.7763830E-02  -3.001888      2.5196746E-02
  -2.931360      6.6184560E-03  -2.216260      1.7507290E-02 -0.3043016    
  2.9937223E-02 -0.1754790      2.9921280E-02 -0.1758739      1.7502252E-02
 -0.3032838      6.5765167E-03  -2.214887      2.5176080E-02  -2.930368    
  3.7753776E-02  -3.001741      3.7755791E-02  -3.001863      2.5185900E-02
  -2.931857      6.5753623E-03  -2.220961      1.7495722E-02 -0.3033132    
  2.9931011E-02 -0.1754633      2.9932156E-02 -0.1754026      1.7496834E-02
 -0.3023885      6.5530655E-03  -2.217595      2.5170768E-02  -2.931383    
  3.7753411E-02  -3.001610      3.7755992E-02  -3.001623      2.5189005E-02
  -2.931823     -6.2258063E-05  1.9535422E-05 -3.1196298E-05  2.2922643E-05
  2.8267396E-03  5.6982487E-03  8.6981217E-06 -4.1900203E-06 -6.5900822E-05
 -6.9886446E-06  8.4289901E-02 -3.1861100E-06  7.5590312E-03  -2.156060    
  3.5124987E-02 -0.1809178      5.8812164E-02 -0.1071460      5.8822062E-02
 -0.1072748      3.5130158E-02 -0.1799425      7.5467736E-03  -2.152609    
  4.3280840E-02  -2.995613      6.7079656E-02  -3.047650      6.7113951E-02
  -3.047389      4.3354515E-02  -2.996127      7.5523215E-03  -2.156883    
  3.5098959E-02 -0.1806622      5.8830511E-02 -0.1069711      5.8820415E-02
 -0.1069727      3.5136890E-02 -0.1800288      7.5311139E-03  -2.152793    
  4.3280359E-02  -2.996062      6.7073457E-02  -3.047713      6.7123935E-02
  -3.047448      4.3348935E-02  -2.995328      7.5639924E-03  -2.155137    
  3.5115499E-02 -0.1795359      5.8809653E-02 -0.1071554      5.8832541E-02
 -0.1070168      3.5153329E-02 -0.1797136      7.5293980E-03  -2.152079    
  4.3316051E-02  -2.995236      6.7095026E-02  -3.047557      6.7102894E-02
  -3.047374      4.3370239E-02  -2.996232      7.5681987E-03  -2.154364    
  3.5121810E-02 -0.1801626      5.8816709E-02 -0.1073856      5.8843836E-02
 -0.1074796      3.5133563E-02 -0.1800508      7.5514652E-03  -2.151381    
  4.3315731E-02  -2.995732      6.7085050E-02  -3.047417      6.7108311E-02
  -3.047559      4.3352060E-02  -2.996144     -1.3129111E-05  7.4803829E-06
 -1.5979760E-05 -1.1017546E-05  1.7325494E-03  5.7905465E-03 -9.5821641E-05
  1.2608245E-05 -5.9953745E-06  2.4586916E-06  8.4397823E-02 -2.5928284E-05
