           5          21           1           1           0
 --- Force ---
           1           1           1
 --- Motion ---
           1           1           1
  0.0000000E+00  0.1570796      0.3141593      0.4712389      0.6283185    
  0.7853982      0.9424778       1.099558       1.256637       1.413717    
   1.570796       1.727876       1.884956       2.042035       2.199115    
   2.356194       2.513274       2.670354       2.827433       2.984513    
   3.141593    
  0.5236000      0.5890500      0.6545000      0.7199500      0.7854000    
 
