
WAMITLOG.TXT file from WAMIT run:  01-Sep-2014 11:31:50

 Input file config.wam          
! generic configuration file:  config.wam
RAMGBMAX= 2.0
NCPU=1
USERID_PATH = N:\wamitv7
LICENSE_PATH=\wamitv7\license

 Input file wam_1b_atten_1.cfg  
IALTPOT = 2
IRR = 0
ILOG = 1
IALTFRC = 2
IFORCE = 1
ILOWHI = 0
NEWMDS = 2
IGENMDS = 28
IPOTEN = 1
ISCATT = 0
ISOLVE = 0
ISOR = 0
MAXITT = 100
MAXMIT = 8
MONITR = 0
NOOUT = 0  0  0  0  0  0  0  0  0
NUMHDR = 1
NUMNAM = 0
SCRATCH_PATH = N:\wamitv7\scratch

POTEN run started:  01-Sep-2014 11:31:52

 Input file wam_1b_atten_1.pot  
.pot file   Series:     Run: wam_1b_atten_1
 -1.0000
0           1
81		Number of periods to be analyzed
  4.0000
  4.1000
  4.2000
  4.3000
  4.4000
  4.5000
  4.6000
  4.7000
  4.8000
  4.9000
  5.0000
  5.1000
  5.2000
  5.3000
  5.4000
  5.5000
  5.6000
  5.7000
  5.8000
  5.9000
  6.0000
  6.1000
  6.2000
  6.3000
  6.4000
  6.5000
  6.6000
  6.7000
  6.8000
  6.9000
  7.0000
  7.1000
  7.2000
  7.3000
  7.4000
  7.5000
  7.6000
  7.7000
  7.8000
  7.9000
  8.0000
  8.1000
  8.2000
  8.3000
  8.4000
  8.5000
  8.6000
  8.7000
  8.8000
  8.9000
  9.0000
  9.1000
  9.2000
  9.3000
  9.4000
  9.5000
  9.6000
  9.7000
  9.8000
  9.9000
 10.0000
 10.1000
 10.2000
 10.3000
 10.4000
 10.5000
 10.6000
 10.7000
 10.8000
 10.9000
 11.0000
 11.1000
 11.2000
 11.3000
 11.4000
 11.5000
 11.6000
 11.7000
 11.8000
 11.9000
 12.0000
1		Number of direction headdings to be analyzed
  0.0000
1
wam_1b_atten_11.gdf
  0.0000	  0.0000	  0.0000	  0.0000
1 1 1 1 1 1

 First    10 lines of input file wam_1b_atten_11.gdf 
Model wam_1b_atten_11, created: 01-Sep-2014
  1.0000   9.8066
0 0
1920
	-30.0000	 -0.0000	 -0.0000
	-30.0000	 -0.0000	 -0.0000
	-29.9751	 -0.4578	 -0.0603
	-29.9751	 -0.4618	 -0.0000
	-30.0000	 -0.0000	 -0.0000
	-30.0000	 -0.0000	 -0.0000


 Number of processors used :   1

 Estimated RAM used :  4.3E-02 Gigabytes

  POTEN module run completed

POTEN run completed:  01-Sep-2014 11:33:29

FORCE run started:  01-Sep-2014 11:33:29

 Input file wam_1b_atten_1.frc  
.frc file   Series:     Run: wam_1b_atten_1
1  1  0  0  0  0  0 0  0
1000.0000
  0.0000	  0.0000	  0.0000	
1
3760512.6831	  0.0000	  0.0000	  0.0000	-154913.8503	314059.2167	2951951.7469	-2
  0.0000	3760512.6831	  0.0000	-154913.8503	  0.0000	  0.0000	  0.0000	  0.0000	
  0.0000	  0.0000	3760512.6831	-314059.2167	  0.0000	  0.0000	56208088.8794	5557
  0.0000	-154913.8503	-314059.2167	44469650.5920	  0.0000	-107659.8895	-4694218.
-154913.8503	  0.0000	  0.0000	  0.0000	850469410.5096	-12937.6302	453049210.072
314059.2167	  0.0000	  0.0000	-107659.8895	-12937.6302	852180651.7653	246532.250
2951951.7469	  0.0000	56208088.8794	-4694218.5428	453049210.0728	246532.2501	123
-2951951.7469	  0.0000	55579970.4440	-4641761.2316	-456104005.4928	-246532.2501	
1
  0.0000	  0.0000	  0.0000	  0.0000	  0.0000	  0.0000	  0.0000	  0.0000	
  0.0000	  0.0000	  0.0000	  0.0000	  0.0000	  0.0000	  0.0000	  0.0000	
  0.0000	  0.0000	  0.0000	  0.0000	  0.0000	  0.0000	  0.0000	  0.0000	
  0.0000	  0.0000	  0.0000	  0.0000	  0.0000	  0.0000	  0.0000	  0.0000	
  0.0000	  0.0000	  0.0000	  0.0000	  0.0000	  0.0000	  0.0000	  0.0000	
  0.0000	  0.0000	  0.0000	  0.0000	  0.0000	  0.0000	  0.0000	  0.0000	
  0.0000	  0.0000	  0.0000	  0.0000	  0.0000	  0.0000	  0.0000	  0.0000	
  0.0000	  0.0000	  0.0000	  0.0000	  0.0000	  0.0000	  0.0000	  0.0000	
1
  0.0000	  0.0000	  0.0000	  0.0000	  0.0000	  0.0000	  0.0000	  0.0000	
  0.0000	  0.0000	  0.0000	  0.0000	  0.0000	  0.0000	  0.0000	  0.0000	
  0.0000	  0.0000	  0.0000	  0.0000	  0.0000	  0.0000	  0.0000	  0.0000	
  0.0000	  0.0000	  0.0000	  0.0000	  0.0000	  0.0000	  0.0000	  0.0000	
  0.0000	  0.0000	  0.0000	  0.0000	  0.0000	  0.0000	  0.0000	  0.0000	
  0.0000	  0.0000	  0.0000	  0.0000	  0.0000	  0.0000	  0.0000	  0.0000	
  0.0000	  0.0000	  0.0000	  0.0000	  0.0000	  0.0000	  0.0000	  0.0000	
  0.0000	  0.0000	  0.0000	  0.0000	  0.0000	  0.0000	  0.0000	  0.0000	
0
0

FORCE run completed:  01-Sep-2014 11:33:32

  WAMIT run completed
